   [,1]  [,2]  [,3]  [,4]  [,5]  [,6]          [,7]  [,8]          [,9] [,10]
05    0 -0.86 -1.72 -0.86  0.00 -0.86  0.000000e+00 -0.86 -1.720000e+00 -2.58
18    0 -0.86 -1.72 -2.58 -1.72 -0.86 -2.220446e-16  0.86  1.720000e+00  2.58
27    0 -0.86 -1.72 -2.58 -1.72 -0.86 -1.720000e+00 -0.86 -2.220446e-16 -0.86
33    0  0.86  1.72  2.58  3.44  4.30  5.160000e+00  6.02  6.880000e+00  7.74
41    0  0.86  0.00  0.86  0.00 -0.86 -1.720000e+00 -2.58 -1.720000e+00 -0.86
53    0 -0.86  0.00 -0.86  0.00  0.86  0.000000e+00  0.86  0.000000e+00  0.86
           [,11] [,12]         [,13] [,14] [,15] [,16] [,17] [,18]
05 -1.720000e+00 -0.86 -1.720000e+00 -2.58 -3.44 -2.58 -3.44 -4.30
18  3.440000e+00  4.30  5.160000e+00  6.02  6.88  7.74  8.60  9.46
27 -2.220446e-16 -0.86 -2.220446e-16 -0.86 -1.72 -0.86 -1.72 -0.86
33  8.600000e+00  9.46  1.032000e+01 11.18 10.32  9.46  8.60  7.74
41 -1.720000e+00 -2.58 -1.720000e+00 -0.86 -1.72 -0.86 -1.72 -0.86
53  1.720000e+00  0.86  0.000000e+00  0.86  1.72  2.58  1.72  0.86
           [,19] [,20]         [,21] [,22]         [,23] [,24]         [,25]
05 -5.160000e+00 -6.02 -5.160000e+00 -4.30 -3.440000e+00 -2.58 -3.440000e+00
18  1.032000e+01 11.18  1.204000e+01 12.90  1.376000e+01 14.62  1.548000e+01
27 -2.220446e-16  0.86 -2.220446e-16 -0.86 -2.220446e-16 -0.86 -2.220446e-16
33  6.880000e+00  7.74  8.600000e+00  9.46  1.032000e+01 11.18  1.032000e+01
41 -1.720000e+00 -0.86 -1.720000e+00 -0.86 -1.720000e+00 -0.86 -1.720000e+00
53  2.220446e-16  0.86  1.720000e+00  0.86  1.720000e+00  0.86  2.220446e-16
   [,26]         [,27] [,28]         [,29] [,30]         [,31] [,32]
05 -2.58 -1.720000e+00 -0.86 -2.220446e-16  0.86 -2.220446e-16 -0.86
18 16.34  1.548000e+01 14.62  1.376000e+01 12.90  1.204000e+01 12.90
27 -0.86 -2.220446e-16  0.86 -2.220446e-16 -0.86 -1.720000e+00 -2.58
33  9.46  8.600000e+00  7.74  6.880000e+00  6.02  5.160000e+00  6.02
41 -0.86 -1.720000e+00 -0.86 -2.220446e-16  0.86 -2.220446e-16 -0.86
53 -0.86 -1.720000e+00 -0.86  2.220446e-16 -0.86  2.220446e-16  0.86
           [,33] [,34]         [,35] [,36]         [,37] [,38]         [,39]
05 -1.720000e+00 -2.58 -1.720000e+00 -2.58 -3.440000e+00 -4.30 -3.440000e+00
18  1.204000e+01 11.18  1.204000e+01 12.90  1.376000e+01 14.62  1.548000e+01
27 -1.720000e+00 -0.86 -1.720000e+00 -0.86 -2.220446e-16 -0.86 -2.220446e-16
33  6.880000e+00  7.74  6.880000e+00  6.02  6.880000e+00  7.74  8.600000e+00
41 -2.220446e-16  0.86 -2.220446e-16 -0.86 -2.220446e-16 -0.86 -2.220446e-16
53  1.720000e+00  0.86  2.220446e-16  0.86  2.220446e-16 -0.86  2.220446e-16
   [,40] [,41] [,42] [,43] [,44] [,45] [,46] [,47] [,48] [,49] [,50]
05 -2.58 -1.72 -2.58 -3.44 -4.30 -5.16 -4.30 -3.44 -2.58 -1.72 -0.86
18 16.34 17.20 18.06 18.92 19.78 20.64 21.50 22.36 21.50 20.64 19.78
27  0.86  1.72  0.86  1.72  2.58  1.72  2.58  3.44  4.30  5.16  6.02
33  9.46 10.32 11.18 12.04 12.90 13.76 12.90 12.04 11.18 10.32  9.46
41  0.86  1.72  2.58  3.44  4.30  3.44  4.30  5.16  4.30  3.44  2.58
53  0.86  1.72  2.58  3.44  4.30  5.16  4.30  5.16  4.30  5.16  6.02
           [,51] [,52] [,53] [,54] [,55] [,56] [,57] [,58] [,59] [,60] [,61]
05 -2.220446e-16  0.86  1.72  2.58  3.44  4.30  5.16  4.30  3.44  2.58  1.72
18  1.892000e+01 19.78 20.64 19.78 18.92 19.78 20.64 21.50 22.36 23.22 24.08
27  5.160000e+00  4.30  5.16  6.02  6.88  7.74  8.60  7.74  8.60  9.46 10.32
33  8.600000e+00  7.74  8.60  9.46 10.32 11.18 12.04 12.90 13.76 14.62 15.48
41  3.440000e+00  4.30  5.16  6.02  6.88  7.74  8.60  9.46  8.60  9.46 10.32
53  5.160000e+00  4.30  3.44  2.58  3.44  2.58  3.44  2.58  1.72  2.58  3.44
   [,62] [,63] [,64] [,65] [,66] [,67] [,68] [,69] [,70] [,71] [,72] [,73]
05  2.58  3.44  4.30  5.16  6.02  6.88  7.74  8.60  7.74  8.60  7.74  8.60
18 24.94 25.80 26.66 27.52 28.38 29.24 30.10 30.96 31.82 32.68 33.54 34.40
27 11.18 12.04 12.90 12.04 12.90 13.76 14.62 15.48 16.34 15.48 16.34 17.20
33 16.34 17.20 18.06 17.20 16.34 17.20 18.06 18.92 19.78 20.64 21.50 22.36
41 11.18 12.04 12.90 13.76 14.62 15.48 14.62 13.76 12.90 12.04 11.18 12.04
53  2.58  3.44  4.30  3.44  4.30  5.16  6.02  5.16  6.02  5.16  6.02  6.88
   [,74] [,75] [,76] [,77] [,78] [,79] [,80] [,81] [,82] [,83] [,84] [,85]
05  9.46 10.32 11.18 12.04 12.90 13.76 14.62 15.48 16.34 17.20 18.06 17.20
18 35.26 36.12 36.98 37.84 38.70 39.56 40.42 41.28 42.14 43.00 43.86 44.72
27 16.34 17.20 18.06 17.20 16.34 17.20 18.06 18.92 19.78 18.92 19.78 20.64
33 23.22 24.08 23.22 24.08 23.22 22.36 21.50 22.36 23.22 24.08 24.94 25.80
41 11.18 12.04 11.18 12.04 12.90 13.76 14.62 15.48 14.62 15.48 16.34 17.20
53  7.74  6.88  7.74  8.60  9.46 10.32  9.46  8.60  9.46 10.32 11.18 12.04
   [,86] [,87] [,88] [,89] [,90] [,91] [,92] [,93] [,94] [,95] [,96] [,97]
05 16.34 15.48 14.62 15.48 16.34 17.20 18.06 18.92 18.06 18.92 19.78 20.64
18 45.58 44.72 45.58 46.44 47.30 48.16 49.02 49.88 50.74 51.60 52.46 53.32
27 21.50 20.64 21.50 22.36 23.22 24.08 24.94 24.08 24.94 25.80 26.66 27.52
33 26.66 27.52 28.38 27.52 26.66 25.80 24.94 24.08 23.22 22.36 21.50 20.64
41 18.06 18.92 19.78 20.64 21.50 22.36 23.22 24.08 24.94 25.80 24.94 24.08
53 12.90 12.04 11.18 12.04 12.90 13.76 14.62 15.48 14.62 15.48 16.34 17.20
   [,98] [,99] [,100] [,101]
05 21.50 22.36  23.22  22.36
18 54.18 53.32  52.46  51.60
27 28.38 29.24  28.38  27.52
33 19.78 20.64  19.78  20.64
41 24.94 25.80  24.94  24.08
53 18.06 18.92  18.06  17.20
   [,1]  [,2]  [,3]  [,4]  [,5]  [,6]  [,7]  [,8]          [,9] [,10] [,11]
02    0  0.86  0.00 -0.86 -1.72 -2.58 -1.72 -0.86 -1.720000e+00 -2.58 -3.44
13    0 -0.86 -1.72 -0.86  0.00 -0.86 -1.72 -0.86  0.000000e+00  0.86  0.00
31    0 -0.86  0.00 -0.86  0.00 -0.86  0.00 -0.86  0.000000e+00 -0.86 -1.72
44    0  0.86  1.72  2.58  1.72  0.86  1.72  0.86  2.220446e-16 -0.86 -1.72
   [,12] [,13] [,14] [,15] [,16] [,17] [,18] [,19] [,20] [,21] [,22] [,23]
02 -4.30 -3.44 -2.58 -3.44 -2.58 -3.44 -2.58 -3.44 -2.58 -3.44 -2.58 -3.44
13  0.86  0.00 -0.86 -1.72 -0.86 -1.72 -0.86 -1.72 -0.86 -1.72 -0.86 -1.72
31 -0.86  0.00 -0.86  0.00  0.86  0.00  0.86  0.00  0.86  1.72  2.58  3.44
44 -2.58 -3.44 -2.58 -3.44 -2.58 -3.44 -2.58 -1.72 -2.58 -3.44 -2.58 -3.44
   [,24] [,25] [,26] [,27] [,28] [,29] [,30] [,31] [,32]         [,33] [,34]
02 -4.30 -3.44 -2.58 -1.72 -2.58 -3.44 -2.58 -3.44 -4.30 -5.160000e+00 -4.30
13 -2.58 -3.44 -4.30 -5.16 -4.30 -3.44 -2.58 -1.72 -0.86 -2.220446e-16  0.86
31  2.58  1.72  0.86  1.72  0.86  1.72  2.58  1.72  2.58  1.720000e+00  2.58
44 -4.30 -5.16 -4.30 -5.16 -4.30 -5.16 -4.30 -5.16 -6.02 -5.160000e+00 -6.02
   [,35] [,36]         [,37] [,38]         [,39] [,40]         [,41] [,42]
02 -3.44 -4.30 -3.440000e+00 -4.30 -3.440000e+00 -4.30 -5.160000e+00 -4.30
13  1.72  0.86 -2.220446e-16 -0.86 -2.220446e-16  0.86 -2.220446e-16 -0.86
31  1.72  2.58  3.440000e+00  4.30  3.440000e+00  2.58  3.440000e+00  4.30
44 -6.88 -7.74 -8.600000e+00 -7.74 -6.880000e+00 -6.02 -5.160000e+00 -4.30
   [,43] [,44] [,45] [,46] [,47] [,48] [,49] [,50]         [,51] [,52]
02 -5.16 -4.30 -3.44 -4.30 -3.44 -4.30 -3.44 -4.30 -5.160000e+00 -4.30
13 -1.72 -0.86 -1.72 -0.86 -1.72 -2.58 -1.72 -0.86 -2.220446e-16 -0.86
31  5.16  6.02  5.16  6.02  6.88  6.02  5.16  4.30  5.160000e+00  6.02
44 -3.44 -4.30 -5.16 -4.30 -3.44 -2.58 -3.44 -2.58 -3.440000e+00 -4.30
           [,53] [,54]         [,55] [,56] [,57] [,58] [,59] [,60] [,61] [,62]
02 -3.440000e+00 -2.58 -3.440000e+00 -4.30 -3.44 -2.58 -3.44 -2.58 -1.72 -2.58
13 -2.220446e-16 -0.86 -2.220446e-16  0.86  1.72  2.58  1.72  2.58  1.72  2.58
31  6.880000e+00  6.02  6.880000e+00  6.02  5.16  6.02  5.16  6.02  5.16  4.30
44 -3.440000e+00 -2.58 -3.440000e+00 -4.30 -3.44 -4.30 -3.44 -2.58 -3.44 -2.58
   [,63] [,64] [,65] [,66]         [,67] [,68]         [,69] [,70]
02 -1.72 -0.86 -1.72 -0.86 -2.220446e-16 -0.86 -2.220446e-16 -0.86
13  1.72  0.86  1.72  2.58  1.720000e+00  2.58  1.720000e+00  2.58
31  5.16  4.30  3.44  2.58  1.720000e+00  0.86  2.220446e-16 -0.86
44 -3.44 -4.30 -3.44 -2.58 -1.720000e+00 -2.58 -1.720000e+00 -0.86
           [,71] [,72]         [,73] [,74]         [,75] [,76]         [,77]
02 -2.220446e-16  0.86 -2.220446e-16 -0.86 -2.220446e-16  0.86 -2.220446e-16
13  3.440000e+00  2.58  3.440000e+00  2.58  3.440000e+00  2.58  3.440000e+00
31  2.220446e-16 -0.86 -1.720000e+00 -2.58 -1.720000e+00 -0.86 -1.720000e+00
44 -2.220446e-16  0.86  1.720000e+00  2.58  1.720000e+00  0.86  1.720000e+00
   [,78]         [,79] [,80]         [,81] [,82]         [,83] [,84]
02 -0.86 -2.220446e-16 -0.86 -2.220446e-16 -0.86 -2.220446e-16  0.86
13  2.58  3.440000e+00  2.58  3.440000e+00  4.30  5.160000e+00  6.02
31 -0.86  2.220446e-16 -0.86  2.220446e-16 -0.86 -1.720000e+00 -0.86
44  0.86  1.720000e+00  2.58  1.720000e+00  2.58  1.720000e+00  2.58
           [,85] [,86]         [,87] [,88]         [,89] [,90]         [,91]
02 -2.220446e-16  0.86 -2.220446e-16 -0.86 -2.220446e-16 -0.86 -2.220446e-16
13  5.160000e+00  6.02  5.160000e+00  6.02  6.880000e+00  6.02  6.880000e+00
31  2.220446e-16 -0.86 -1.720000e+00 -0.86 -1.720000e+00 -2.58 -1.720000e+00
44  3.440000e+00  2.58  3.440000e+00  4.30  5.160000e+00  4.30  5.160000e+00
   [,92]         [,93] [,94]         [,95] [,96]         [,97] [,98]
02 -0.86 -1.720000e+00 -0.86 -2.220446e-16  0.86 -2.220446e-16 -0.86
13  6.02  6.880000e+00  7.74  6.880000e+00  7.74  6.880000e+00  7.74
31 -0.86  2.220446e-16 -0.86 -1.720000e+00 -2.58 -3.440000e+00 -4.30
44  4.30  3.440000e+00  2.58  1.720000e+00  0.86  1.720000e+00  2.58
           [,99] [,100] [,101]
02 -2.220446e-16  -0.86  -1.72
13  6.880000e+00   6.02   6.88
31 -3.440000e+00  -4.30  -3.44
44  1.720000e+00   2.58   3.44
[1] "not enough sub in group: gr: com, sg: random"
   [,1]  [,2]  [,3]  [,4]  [,5]  [,6]  [,7]  [,8]  [,9] [,10] [,11] [,12]
03    0 -0.86  0.00  0.86  0.00 -0.86  0.00 -0.86 -1.72 -0.86  0.00 -0.86
09    0  0.86  1.72  0.86  0.00 -0.86  0.00 -0.86 -1.72 -2.58 -1.72 -2.58
10    0 -0.86  0.00  0.86  0.00  0.86  1.72  0.86  0.00 -0.86  0.00 -0.86
11    0 -0.86 -1.72 -0.86  0.00 -0.86  0.00  0.86  0.00 -0.86  0.00  0.86
16    0 -0.86  0.00 -0.86  0.00 -0.86 -1.72 -2.58 -3.44 -4.30 -5.16 -6.02
34    0 -0.86 -1.72 -0.86  0.00 -0.86 -1.72 -0.86  0.00 -0.86 -1.72 -2.58
39    0 -0.86 -1.72 -2.58 -3.44 -4.30 -5.16 -6.02 -6.88 -7.74 -8.60 -9.46
54    0  0.86  1.72  0.86  0.00 -0.86 -1.72 -0.86  0.00 -0.86  0.00 -0.86
    [,13]  [,14]  [,15]  [,16]  [,17]  [,18]  [,19]  [,20]  [,21]  [,22]  [,23]
03  -1.72  -2.58  -1.72  -0.86  -1.72  -2.58  -3.44  -4.30  -3.44  -2.58  -1.72
09  -3.44  -4.30  -5.16  -4.30  -5.16  -6.02  -5.16  -6.02  -6.88  -6.02  -6.88
10   0.00   0.86   0.00   0.86   0.00  -0.86   0.00   0.86   0.00   0.86   1.72
11   0.00  -0.86  -1.72  -0.86   0.00  -0.86   0.00  -0.86  -1.72  -2.58  -3.44
16  -5.16  -4.30  -5.16  -6.02  -6.88  -7.74  -8.60  -7.74  -6.88  -6.02  -5.16
34  -3.44  -4.30  -3.44  -2.58  -3.44  -2.58  -1.72  -2.58  -3.44  -4.30  -3.44
39 -10.32 -11.18 -12.04 -12.90 -13.76 -14.62 -13.76 -12.90 -12.04 -11.18 -12.04
54   0.00   0.86   1.72   2.58   3.44   4.30   5.16   6.02   6.88   7.74   8.60
    [,24]  [,25] [,26]  [,27]  [,28]  [,29]  [,30]  [,31] [,32] [,33] [,34]
03  -2.58  -3.44 -4.30  -5.16  -4.30  -3.44  -4.30  -3.44 -4.30 -5.16 -6.02
09  -7.74  -8.60 -7.74  -6.88  -7.74  -8.60  -9.46 -10.32 -9.46 -8.60 -7.74
10   0.86   1.72  0.86   0.00  -0.86  -1.72  -0.86  -1.72 -2.58 -1.72 -2.58
11  -4.30  -5.16 -4.30  -5.16  -6.02  -5.16  -6.02  -5.16 -6.02 -5.16 -6.02
16  -6.02  -6.88 -7.74  -6.88  -6.02  -6.88  -7.74  -8.60 -9.46 -8.60 -7.74
34  -4.30  -3.44 -2.58  -3.44  -4.30  -3.44  -2.58  -3.44 -4.30 -3.44 -2.58
39 -11.18 -10.32 -9.46 -10.32 -11.18 -12.04 -11.18 -10.32 -9.46 -8.60 -9.46
54   9.46  10.32  9.46   8.60   7.74   6.88   6.02   5.16  4.30  3.44  2.58
    [,35]  [,36]         [,37]  [,38]  [,39]  [,40]  [,41]  [,42]  [,43]  [,44]
03  -6.88  -7.74 -8.600000e+00  -9.46 -10.32 -11.18 -12.04 -12.90 -12.04 -11.18
09  -6.88  -6.02 -5.160000e+00  -6.02  -6.88  -7.74  -8.60  -9.46 -10.32 -11.18
10  -3.44  -2.58 -3.440000e+00  -4.30  -5.16  -6.02  -5.16  -4.30  -5.16  -6.02
11  -5.16  -6.02 -6.880000e+00  -7.74  -6.88  -6.02  -6.88  -6.02  -6.88  -7.74
16  -6.88  -6.02 -5.160000e+00  -6.02  -6.88  -7.74  -8.60  -9.46  -8.60  -7.74
34  -3.44  -4.30 -5.160000e+00  -4.30  -5.16  -4.30  -5.16  -6.02  -5.16  -6.02
39 -10.32 -11.18 -1.204000e+01 -12.90 -13.76 -14.62 -13.76 -12.90 -12.04 -11.18
54   1.72   0.86  2.220446e-16  -0.86  -1.72  -2.58  -3.44  -4.30  -5.16  -6.02
    [,45]  [,46]  [,47]  [,48]  [,49]  [,50]  [,51]  [,52]  [,53]  [,54]  [,55]
03 -10.32 -11.18 -12.04 -12.90 -13.76 -14.62 -15.48 -14.62 -15.48 -14.62 -15.48
09 -12.04 -12.90 -13.76 -14.62 -15.48 -14.62 -13.76 -14.62 -15.48 -16.34 -17.20
10  -6.88  -6.02  -6.88  -7.74  -8.60  -9.46 -10.32 -11.18 -12.04 -12.90 -13.76
11  -8.60  -7.74  -8.60  -9.46  -8.60  -9.46 -10.32  -9.46 -10.32  -9.46  -8.60
16  -6.88  -6.02  -6.88  -7.74  -6.88  -6.02  -5.16  -4.30  -3.44  -4.30  -5.16
34  -6.88  -7.74  -6.88  -6.02  -6.88  -7.74  -6.88  -6.02  -5.16  -4.30  -5.16
39 -10.32  -9.46 -10.32  -9.46  -8.60  -7.74  -6.88  -7.74  -8.60  -9.46 -10.32
54  -6.88  -7.74  -8.60  -9.46 -10.32 -11.18 -10.32 -11.18 -12.04 -12.90 -12.04
    [,56]  [,57]  [,58]  [,59]  [,60]  [,61]  [,62]  [,63]  [,64]  [,65]  [,66]
03 -16.34 -17.20 -18.06 -17.20 -18.06 -18.92 -19.78 -20.64 -21.50 -22.36 -21.50
09 -18.06 -17.20 -18.06 -17.20 -16.34 -15.48 -16.34 -17.20 -18.06 -18.92 -19.78
10 -14.62 -15.48 -16.34 -15.48 -14.62 -13.76 -12.90 -13.76 -14.62 -15.48 -16.34
11  -7.74  -8.60  -9.46  -8.60  -7.74  -8.60  -7.74  -8.60  -7.74  -8.60  -7.74
16  -6.02  -6.88  -7.74  -8.60  -9.46  -8.60  -7.74  -6.88  -7.74  -8.60  -9.46
34  -6.02  -6.88  -6.02  -5.16  -6.02  -6.88  -6.02  -5.16  -4.30  -3.44  -2.58
39 -11.18 -12.04 -12.90 -13.76 -14.62 -15.48 -16.34 -17.20 -18.06 -18.92 -19.78
54 -11.18 -10.32  -9.46  -8.60  -9.46 -10.32  -9.46  -8.60  -7.74  -6.88  -6.02
    [,67]  [,68]         [,69]  [,70]  [,71]  [,72]  [,73]  [,74]         [,75]
03 -22.36 -23.22 -2.408000e+01 -24.94 -24.08 -23.22 -24.08 -24.94 -2.580000e+01
09 -18.92 -19.78 -2.064000e+01 -21.50 -20.64 -19.78 -18.92 -19.78 -2.064000e+01
10 -17.20 -18.06 -1.720000e+01 -16.34 -17.20 -18.06 -18.92 -19.78 -2.064000e+01
11  -6.88  -6.02 -6.880000e+00  -7.74  -6.88  -6.02  -6.88  -7.74 -8.600000e+00
16 -10.32 -11.18 -1.204000e+01 -11.18 -10.32  -9.46 -10.32 -11.18 -1.032000e+01
34  -1.72  -0.86 -2.220446e-16   0.86   1.72   2.58   1.72   0.86 -2.220446e-16
39 -20.64 -19.78 -1.892000e+01 -18.06 -17.20 -16.34 -15.48 -14.62 -1.376000e+01
54  -5.16  -4.30 -3.440000e+00  -4.30  -5.16  -6.02  -6.88  -7.74 -6.880000e+00
    [,76]  [,77]  [,78]  [,79]  [,80]  [,81]  [,82]  [,83]  [,84]  [,85]  [,86]
03 -26.66 -27.52 -28.38 -29.24 -30.10 -30.96 -30.10 -30.96 -31.82 -32.68 -31.82
09 -21.50 -20.64 -19.78 -20.64 -21.50 -22.36 -23.22 -22.36 -21.50 -20.64 -19.78
10 -21.50 -22.36 -23.22 -22.36 -21.50 -20.64 -19.78 -20.64 -21.50 -22.36 -23.22
11  -9.46  -8.60  -9.46  -8.60  -9.46  -8.60  -9.46  -8.60  -9.46  -8.60  -9.46
16  -9.46  -8.60  -7.74  -8.60  -9.46 -10.32 -11.18 -12.04 -12.90 -13.76 -12.90
34  -0.86  -1.72  -2.58  -3.44  -4.30  -3.44  -4.30  -5.16  -6.02  -6.88  -7.74
39 -12.90 -12.04 -11.18 -10.32  -9.46  -8.60  -7.74  -8.60  -9.46 -10.32 -11.18
54  -7.74  -8.60  -9.46 -10.32 -11.18 -10.32  -9.46  -8.60  -7.74  -6.88  -6.02
    [,87]  [,88]  [,89]  [,90]  [,91]  [,92]  [,93]  [,94]  [,95]  [,96]  [,97]
03 -30.96 -30.10 -29.24 -28.38 -29.24 -30.10 -30.96 -31.82 -32.68 -33.54 -34.40
09 -20.64 -21.50 -22.36 -23.22 -24.08 -24.94 -24.08 -23.22 -22.36 -21.50 -20.64
10 -24.08 -23.22 -22.36 -21.50 -20.64 -19.78 -18.92 -19.78 -18.92 -18.06 -17.20
11  -8.60  -9.46 -10.32 -11.18 -10.32 -11.18 -12.04 -11.18 -10.32 -11.18 -10.32
16 -12.04 -11.18 -10.32  -9.46  -8.60  -7.74  -6.88  -6.02  -5.16  -4.30  -3.44
34  -8.60  -9.46  -8.60  -7.74  -8.60  -7.74  -8.60  -9.46 -10.32 -11.18 -10.32
39 -12.04 -12.90 -13.76 -14.62 -15.48 -16.34 -17.20 -16.34 -15.48 -14.62 -13.76
54  -5.16  -4.30  -5.16  -6.02  -6.88  -7.74  -8.60  -9.46 -10.32 -11.18 -12.04
    [,98]  [,99] [,100]        [,101]
03 -33.54 -32.68 -31.82 -3.096000e+01
09 -19.78 -20.64 -21.50 -2.236000e+01
10 -16.34 -15.48 -16.34 -1.720000e+01
11 -11.18 -12.04 -11.18 -1.204000e+01
16  -2.58  -1.72  -0.86 -2.220446e-16
34 -11.18 -12.04 -12.90 -1.376000e+01
39 -12.90 -12.04 -11.18 -1.032000e+01
54 -12.90 -13.76 -12.90 -1.204000e+01
[1] "MAX GR: gr: com, sg: worst"
   [,1]  [,2]  [,3]  [,4]  [,5]  [,6]  [,7]  [,8]  [,9] [,10] [,11] [,12]
20    0  0.86  0.00 -0.86  0.00 -0.86 -1.72 -0.86  0.00  0.86  1.72  0.86
21    0 -0.86 -1.72 -2.58 -3.44 -4.30 -5.16 -6.02 -6.88 -7.74 -8.60 -9.46
32    0 -0.86  0.00  0.86  0.00  0.86  0.00 -0.86  0.00 -0.86 -1.72 -2.58
37    0 -0.86 -1.72 -0.86  0.00 -0.86 -1.72 -0.86  0.00 -0.86 -1.72 -2.58
    [,13]  [,14]  [,15]  [,16]  [,17]  [,18]  [,19]  [,20]  [,21]  [,22]  [,23]
20   0.00  -0.86   0.00   0.86   1.72   2.58   3.44   4.30   5.16   4.30   5.16
21 -10.32 -11.18 -12.04 -12.90 -13.76 -14.62 -15.48 -16.34 -17.20 -16.34 -17.20
32  -1.72  -2.58  -1.72  -2.58  -3.44  -2.58  -3.44  -4.30  -5.16  -6.02  -5.16
37  -3.44  -2.58  -1.72  -0.86  -1.72  -2.58  -1.72  -2.58  -3.44  -4.30  -3.44
    [,24]  [,25]  [,26]  [,27]  [,28]  [,29]  [,30]  [,31]  [,32]  [,33] [,34]
20   6.02   5.16   4.30   5.16   4.30   3.44   2.58   3.44   4.30   5.16  6.02
21 -16.34 -17.20 -16.34 -15.48 -14.62 -13.76 -12.90 -12.04 -11.18 -10.32 -9.46
32  -4.30  -3.44  -2.58  -3.44  -2.58  -1.72  -2.58  -1.72  -2.58  -1.72 -2.58
37  -2.58  -3.44  -4.30  -3.44  -4.30  -5.16  -6.02  -5.16  -4.30  -5.16 -6.02
   [,35] [,36]  [,37] [,38] [,39] [,40] [,41] [,42] [,43] [,44]         [,45]
20  6.88  6.02   5.16  4.30  5.16  6.02  6.88  7.74  8.60  7.74  6.880000e+00
21 -8.60 -9.46 -10.32 -9.46 -8.60 -7.74 -6.88 -6.02 -5.16 -4.30 -3.440000e+00
32 -3.44 -2.58  -3.44 -4.30 -5.16 -4.30 -3.44 -2.58 -1.72 -0.86 -2.220446e-16
37 -6.88 -6.02  -5.16 -4.30 -3.44 -2.58 -1.72 -2.58 -3.44 -2.58 -3.440000e+00
   [,46]         [,47] [,48]         [,49] [,50] [,51] [,52] [,53] [,54] [,55]
20  6.02  5.160000e+00  6.02  5.160000e+00  6.02  6.88  6.02  5.16  6.02  5.16
21 -2.58 -1.720000e+00 -0.86 -2.220446e-16  0.86  1.72  2.58  3.44  4.30  5.16
32  0.86 -2.220446e-16  0.86  1.720000e+00  2.58  3.44  2.58  3.44  2.58  3.44
37 -4.30 -5.160000e+00 -6.02 -6.880000e+00 -7.74 -8.60 -7.74 -6.88 -6.02 -5.16
   [,56] [,57] [,58] [,59] [,60] [,61] [,62] [,63] [,64]         [,65] [,66]
20  4.30  3.44  4.30  5.16  6.02  6.88  7.74  8.60  7.74  8.600000e+00  9.46
21  6.02  6.88  7.74  8.60  9.46 10.32 11.18 12.04 12.90  1.376000e+01 14.62
32  4.30  5.16  6.02  6.88  6.02  6.88  7.74  6.88  7.74  8.600000e+00  9.46
37 -4.30 -5.16 -6.02 -5.16 -4.30 -3.44 -2.58 -1.72 -0.86 -2.220446e-16  0.86
   [,67] [,68] [,69] [,70] [,71] [,72] [,73] [,74] [,75] [,76] [,77] [,78]
20 10.32  9.46  8.60  7.74  8.60  7.74  8.60  9.46 10.32 11.18 12.04 12.90
21 15.48 16.34 17.20 18.06 18.92 19.78 20.64 21.50 22.36 23.22 24.08 24.94
32 10.32 11.18 12.04 12.90 13.76 12.90 13.76 12.90 13.76 14.62 15.48 16.34
37  1.72  2.58  3.44  4.30  5.16  6.02  6.88  7.74  8.60  9.46 10.32 11.18
   [,79] [,80] [,81] [,82] [,83] [,84] [,85] [,86] [,87] [,88] [,89] [,90]
20 13.76 14.62 15.48 16.34 17.20 18.06 18.92 19.78 20.64 21.50 22.36 23.22
21 25.80 26.66 27.52 28.38 29.24 30.10 30.96 31.82 32.68 33.54 34.40 35.26
32 15.48 16.34 17.20 18.06 18.92 19.78 20.64 21.50 22.36 23.22 24.08 24.94
37 12.04 12.90 13.76 14.62 15.48 16.34 17.20 18.06 18.92 18.06 17.20 18.06
   [,91] [,92] [,93] [,94] [,95] [,96] [,97] [,98] [,99] [,100] [,101]
20 24.08 23.22 22.36 23.22 24.08 23.22 22.36 21.50 22.36  23.22  24.08
21 36.12 36.98 37.84 38.70 39.56 40.42 41.28 42.14 43.00  43.86  44.72
32 25.80 26.66 27.52 28.38 29.24 30.10 30.96 30.10 30.96  30.10  30.96
37 18.92 19.78 20.64 21.50 22.36 23.22 24.08 24.94 25.80  26.66  27.52
[1] "not enough sub in group: gr: web, sg: best"
  [1]  0.000000e+00 -8.600000e-01  0.000000e+00  8.600000e-01  0.000000e+00
  [6]  8.600000e-01  0.000000e+00  8.600000e-01  0.000000e+00  8.600000e-01
 [11]  0.000000e+00 -8.600000e-01  0.000000e+00 -8.600000e-01  0.000000e+00
 [16] -8.600000e-01  0.000000e+00 -8.600000e-01  0.000000e+00  8.600000e-01
 [21]  0.000000e+00 -8.600000e-01 -1.720000e+00 -8.600000e-01  0.000000e+00
 [26] -8.600000e-01  0.000000e+00 -8.600000e-01 -1.720000e+00 -8.600000e-01
 [31]  0.000000e+00  8.600000e-01  0.000000e+00 -8.600000e-01  0.000000e+00
 [36]  8.600000e-01  0.000000e+00 -8.600000e-01 -1.720000e+00 -2.580000e+00
 [41] -1.720000e+00 -2.580000e+00 -3.440000e+00 -2.580000e+00 -1.720000e+00
 [46] -2.580000e+00 -3.440000e+00 -2.580000e+00 -1.720000e+00 -8.600000e-01
 [51] -2.220446e-16 -8.600000e-01 -2.220446e-16  8.600000e-01  1.720000e+00
 [56]  8.600000e-01 -2.220446e-16 -8.600000e-01 -1.720000e+00 -8.600000e-01
 [61] -2.220446e-16  8.600000e-01  1.720000e+00  2.580000e+00  1.720000e+00
 [66]  2.580000e+00  3.440000e+00  4.300000e+00  5.160000e+00  6.020000e+00
 [71]  5.160000e+00  6.020000e+00  6.880000e+00  7.740000e+00  6.880000e+00
 [76]  7.740000e+00  8.600000e+00  9.460000e+00  1.032000e+01  1.118000e+01
 [81]  1.204000e+01  1.290000e+01  1.204000e+01  1.118000e+01  1.032000e+01
 [86]  9.460000e+00  8.600000e+00  7.740000e+00  6.880000e+00  6.020000e+00
 [91]  5.160000e+00  4.300000e+00  3.440000e+00  4.300000e+00  5.160000e+00
 [96]  6.020000e+00  6.880000e+00  7.740000e+00  8.600000e+00  9.460000e+00
[101]  8.600000e+00

